483 486.0
483 485.0
483 485.0
483 486.0
483 483.0
483 482.0
483 485.0
483 485.0
483 484.0
483 485.0
483 487.0
483 485.0
483 483.0
483 483.0
483 484.0
483 486.0
483 486.0
483 484.0
483 483.0
483 486.0
483 484.0
483 485.0
483 484.0
483 488.0
483 485.0
483 483.0
483 483.0
483 482.0
483 486.0
483 484.0
483 483.0
483 483.0
483 484.0
483 485.0
483 484.0
483 485.0
483 485.0
483 484.0
483 484.0
483 487.0
483 484.0
483 485.0
483 482.0
483 484.0
483 480.0
483 483.0
483 487.0
483 485.0
483 485.0
483 480.0
483 486.0
483 485.0
483 482.0
483 481.0
483 483.0
483 486.0
483 482.0
483 485.0
483 485.0
483 486.0
483 483.0
483 483.0
483 486.0
483 486.0
483 486.0
483 486.0
483 485.0
483 486.0
483 485.0
483 486.0
483 486.0
483 483.0
483 483.0
483 485.0
483 482.0
483 484.0
483 482.0
483 485.0
483 485.0
483 485.0
483 485.0
483 478.0
483 481.0
483 480.0
483 479.0
483 481.0
483 479.0
483 482.0
483 479.0
483 480.0
483 479.0
483 479.0
483 480.0
483 477.0
483 479.0
483 481.0
483 477.0
483 478.0
483 476.0
483 480.0
842 844.0
842 840.0
842 843.0
842 840.0
842 843.0
842 840.0
842 843.0
842 841.0
842 842.0
842 843.0
842 841.0
842 839.0
842 843.0
842 840.0
842 842.0
842 840.0
842 841.0
842 838.0
842 841.0
842 842.0
842 842.0
842 840.0
842 841.0
842 841.0
842 841.0
842 841.0
842 844.0
842 840.0
842 841.0
842 841.0
842 840.0
842 842.0
842 840.0
842 841.0
842 840.0
842 841.0
842 842.0
842 843.0
842 841.0
842 844.0
842 842.0
842 844.0
842 843.0
842 840.0
842 839.0
842 841.0
842 842.0
842 843.0
842 839.0
842 838.0
842 842.0
842 841.0
842 843.0
842 842.0
842 842.0
842 841.0
842 842.0
842 845.0
842 843.0
842 841.0
842 842.0
842 842.0
842 842.0
842 842.0
842 842.0
842 842.0
842 844.0
842 848.0
842 851.0
842 846.0
842 847.0
842 845.0
842 841.0
842 841.0
842 845.0
842 843.0
842 843.0
842 842.0
842 843.0
842 844.0
842 843.0
842 847.0
842 843.0
842 845.0
842 844.0
842 844.0
842 843.0
842 844.0
842 841.0
842 845.0
842 844.0
842 841.0
842 844.0
842 846.0
842 845.0
842 846.0
842 849.0
842 845.0
842 845.0
842 847.0
939 939.0
939 938.0
939 937.0
939 941.0
939 942.0
939 938.0
939 939.0
939 937.0
939 941.0
939 940.0
939 941.0
939 938.0
939 939.0
939 944.0
939 942.0
939 941.0
939 938.0
939 940.0
939 944.0
939 941.0
939 937.0
939 939.0
939 937.0
939 939.0
939 938.0
939 941.0
939 939.0
939 942.0
939 941.0
939 942.0
939 940.0
939 939.0
939 941.0
939 937.0
939 938.0
939 940.0
939 941.0
939 939.0
939 939.0
939 938.0
939 938.0
939 940.0
939 938.0
939 938.0
939 940.0
939 939.0
939 937.0
939 942.0
939 939.0
939 939.0
939 938.0
939 939.0
939 939.0
939 938.0
939 939.0
939 940.0
939 938.0
939 939.0
939 941.0
939 939.0
939 938.0
939 939.0
939 942.0
939 938.0
939 940.0
939 942.0
939 939.0
939 940.0
939 938.0
939 940.0
939 937.0
939 942.0
939 941.0
939 938.0
939 941.0
939 940.0
939 940.0
939 941.0
939 940.0
939 941.0
939 937.0
939 940.0
939 941.0
939 941.0
939 937.0
939 940.0
939 940.0
939 941.0
939 939.0
939 939.0
939 940.0
939 943.0
939 942.0
939 938.0
939 938.0
939 942.0
939 938.0
939 937.0
939 941.0
939 939.0
975 976.0
975 974.0
975 975.0
975 976.0
975 974.0
975 976.0
975 977.0
975 978.0
975 974.0
975 974.0
975 975.0
975 973.0
975 976.0
975 975.0
975 975.0
975 976.0
975 976.0
975 976.0
975 975.0
975 978.0
975 974.0
975 976.0
975 973.0
975 974.0
975 973.0
975 976.0
975 975.0
975 973.0
975 975.0
975 975.0
975 975.0
975 976.0
975 974.0
975 974.0
975 975.0
975 974.0
975 977.0
975 977.0
975 974.0
975 975.0
975 973.0
975 975.0
975 974.0
975 975.0
975 976.0
975 977.0
975 978.0
975 974.0
975 974.0
975 975.0
975 975.0
975 974.0
975 975.0
975 975.0
975 978.0
975 974.0
975 975.0
975 976.0
975 975.0
975 976.0
975 979.0
975 973.0
975 973.0
975 975.0
975 974.0
975 974.0
975 977.0
975 978.0
975 975.0
975 974.0
975 977.0
975 971.0
975 975.0
975 977.0
975 975.0
975 978.0
975 975.0
975 975.0
975 974.0
975 979.0
975 975.0
975 977.0
975 973.0
975 975.0
975 975.0
975 976.0
975 975.0
975 974.0
975 978.0
975 975.0
975 976.0
975 977.0
975 976.0
975 975.0
975 973.0
975 978.0
975 971.0
975 975.0
975 975.0
975 977.0
991 991.0
991 989.0
991 994.0
991 992.0
991 989.0
991 992.0
991 991.0
991 995.0
991 994.0
991 993.0
991 991.0
991 991.0
991 994.0
991 990.0
991 990.0
991 992.0
991 990.0
991 992.0
991 991.0
991 993.0
991 991.0
991 992.0
991 990.0
991 990.0
991 992.0
991 992.0
991 992.0
991 992.0
991 992.0
991 991.0
991 992.0
991 991.0
991 992.0
991 992.0
991 990.0
991 991.0
991 992.0
991 989.0
991 992.0
991 990.0
991 991.0
991 988.0
991 992.0
991 989.0
991 992.0
991 990.0
991 991.0
991 989.0
991 991.0
991 989.0
991 993.0
991 991.0
991 995.0
991 993.0
991 992.0
991 991.0
991 994.0
991 993.0
991 992.0
991 991.0
991 990.0
991 991.0
991 989.0
991 991.0
991 991.0
991 991.0
991 990.0
991 989.0
991 989.0
991 992.0
991 984.0
991 991.0
991 994.0
991 992.0
991 990.0
991 990.0
991 990.0
991 991.0
991 990.0
991 990.0
991 993.0
991 992.0
991 991.0
991 994.0
991 989.0
991 991.0
991 991.0
991 990.0
991 992.0
991 990.0
991 990.0
991 992.0
991 995.0
991 993.0
991 994.0
991 990.0
991 992.0
991 990.0
991 990.0
991 991.0
998 1001.0
998 1001.0
998 996.0
998 1000.0
998 996.0
998 999.0
998 1002.0
998 999.0
998 996.0
998 999.0
998 997.0
998 995.0
998 1001.0
998 998.0
998 999.0
998 999.0
998 998.0
998 995.0
998 1002.0
998 997.0
998 999.0
998 997.0
998 999.0
998 1000.0
998 999.0
998 998.0
998 999.0
998 997.0
998 996.0
998 1000.0
998 997.0
998 1000.0
998 999.0
998 999.0
998 997.0
998 1000.0
998 1001.0
998 998.0
998 1000.0
998 1000.0
998 1001.0
998 1000.0
998 999.0
998 1000.0
998 1000.0
998 1000.0
998 994.0
998 1000.0
998 999.0
998 1003.0
998 994.0
998 998.0
998 998.0
998 999.0
998 1000.0
998 997.0
998 997.0
998 998.0
998 1000.0
998 1001.0
998 1002.0
998 997.0
998 1000.0
998 998.0
998 998.0
998 998.0
998 1000.0
998 996.0
998 1001.0
998 999.0
998 997.0
998 998.0
998 1002.0
998 998.0
998 1001.0
998 999.0
998 996.0
998 1000.0
998 997.0
998 999.0
998 997.0
998 998.0
998 999.0
998 999.0
998 999.0
998 1000.0
998 999.0
998 997.0
998 999.0
998 1000.0
998 1002.0
998 999.0
998 996.0
998 999.0
998 999.0
998 1001.0
998 1001.0
998 1003.0
998 999.0
998 999.0
